0001.jpg 0.080000 0.000000 0.280000 0.000000 0.640000 0.000000 
0004.jpg 0.000000 0.000000 0.150000 0.000000 0.200000 0.650000 
0005.jpg 0.000000 0.041667 0.208333 0.000000 0.041667 0.708333 
0006.jpg 0.000000 0.000000 0.222222 0.000000 0.333333 0.444444 
0007.jpg 0.230769 0.500000 0.000000 0.038462 0.230769 0.000000 
0008.jpg 0.571429 0.000000 0.035714 0.285714 0.000000 0.107143 
0011.jpg 0.407407 0.259259 0.037037 0.259259 0.000000 0.037037 
0014.jpg 0.000000 0.000000 0.250000 0.035714 0.714286 0.000000 
0016.jpg 0.250000 0.000000 0.392857 0.321429 0.035714 0.000000 
0018.jpg 0.153846 0.115385 0.346154 0.153846 0.192308 0.038462 
0020.jpg 0.000000 0.000000 0.384615 0.000000 0.038462 0.576923 
0022.jpg 0.000000 0.000000 0.777778 0.185185 0.037037 0.000000 
0023.jpg 0.000000 0.000000 0.166667 0.250000 0.416667 0.166667 
0026.jpg 0.000000 0.000000 0.363636 0.000000 0.636364 0.000000 
0027.jpg 0.000000 0.000000 0.190476 0.047619 0.714286 0.047619 
0028.jpg 0.000000 0.074074 0.185185 0.037037 0.703704 0.000000 
0030.jpg 0.038462 0.000000 0.346154 0.076923 0.500000 0.038462 
0033.jpg 0.068966 0.034483 0.172414 0.034483 0.655172 0.034483 
0036.jpg 0.181818 0.000000 0.545455 0.000000 0.045455 0.227273 
0039.jpg 0.700000 0.300000 0.000000 0.000000 0.000000 0.000000 
0040.jpg 0.000000 0.000000 0.047619 0.000000 0.238095 0.714286 
0041.jpg 0.580645 0.419355 0.000000 0.000000 0.000000 0.000000 
0042.jpg 0.000000 0.000000 0.600000 0.000000 0.400000 0.000000 
0043.jpg 0.037037 0.000000 0.518519 0.037037 0.000000 0.407407 
0047.jpg 0.533333 0.033333 0.033333 0.066667 0.066667 0.266667 
0054.jpg 0.000000 0.000000 0.541667 0.000000 0.083333 0.375000 
0055.jpg 0.000000 0.076923 0.653846 0.038462 0.192308 0.038462 
0057.jpg 0.000000 0.050000 0.200000 0.000000 0.700000 0.050000 
0060.jpg 0.212121 0.000000 0.000000 0.787879 0.000000 0.000000 
0062.jpg 0.103448 0.034483 0.172414 0.000000 0.034483 0.655172 
0063.jpg 0.032258 0.129032 0.000000 0.000000 0.580645 0.258065 
0065.jpg 0.636364 0.000000 0.000000 0.363636 0.000000 0.000000 
0070.jpg 0.518519 0.407407 0.037037 0.000000 0.037037 0.000000 
0077.jpg 0.222222 0.185185 0.222222 0.074074 0.259259 0.037037 
0078.jpg 0.043478 0.043478 0.521739 0.000000 0.391304 0.000000 
0079.jpg 0.086957 0.000000 0.173913 0.130435 0.000000 0.608696 
0080.jpg 0.031250 0.062500 0.187500 0.000000 0.062500 0.656250 
0081.jpg 0.200000 0.033333 0.066667 0.000000 0.700000 0.000000 
0084.jpg 0.724138 0.206897 0.034483 0.000000 0.000000 0.034483 
0085.jpg 0.343750 0.000000 0.000000 0.625000 0.031250 0.000000 
0086.jpg 0.000000 0.000000 0.565217 0.043478 0.347826 0.043478 
0088.jpg 0.000000 0.045455 0.409091 0.000000 0.545455 0.000000 
0090.jpg 0.037037 0.037037 0.555556 0.000000 0.185185 0.185185 
0093.jpg 0.040000 0.000000 0.240000 0.000000 0.720000 0.000000 
0094.jpg 0.687500 0.250000 0.000000 0.000000 0.000000 0.062500 
0095.jpg 0.000000 0.000000 0.416667 0.083333 0.041667 0.458333 
0096.jpg 0.142857 0.214286 0.000000 0.071429 0.571429 0.000000 
0097.jpg 0.181818 0.090909 0.060606 0.606061 0.000000 0.060606 
0099.jpg 0.000000 0.000000 0.291667 0.041667 0.625000 0.041667 
0103.jpg 0.562500 0.093750 0.218750 0.093750 0.000000 0.031250 
0104.jpg 0.681818 0.090909 0.045455 0.000000 0.181818 0.000000 
0108.jpg 0.000000 0.000000 0.482759 0.000000 0.103448 0.413793 
0109.jpg 0.000000 0.322581 0.129032 0.000000 0.258065 0.290323 
0111.jpg 0.000000 0.200000 0.000000 0.050000 0.750000 0.000000 
0112.jpg 0.676471 0.294118 0.000000 0.000000 0.029412 0.000000 
0118.jpg 0.000000 0.034483 0.310345 0.000000 0.068966 0.586207 
0119.jpg 0.038462 0.000000 0.192308 0.000000 0.038462 0.730769 
0121.jpg 0.428571 0.542857 0.000000 0.000000 0.028571 0.000000 
0124.jpg 0.258065 0.032258 0.096774 0.032258 0.000000 0.580645 
0125.jpg 0.555556 0.000000 0.000000 0.444444 0.000000 0.000000 
0128.jpg 0.000000 0.400000 0.000000 0.000000 0.600000 0.000000 
0131.jpg 0.303030 0.484848 0.000000 0.000000 0.030303 0.181818 
0132.jpg 0.000000 0.000000 0.217391 0.000000 0.043478 0.739130 
0133.jpg 0.250000 0.218750 0.468750 0.000000 0.062500 0.000000 
0134.jpg 0.041667 0.000000 0.166667 0.041667 0.750000 0.000000 
0135.jpg 0.705882 0.205882 0.000000 0.029412 0.000000 0.058824 
0137.jpg 0.121212 0.454545 0.000000 0.000000 0.000000 0.424242 
0138.jpg 0.066667 0.033333 0.333333 0.033333 0.000000 0.533333 
0140.jpg 0.272727 0.090909 0.045455 0.545455 0.045455 0.000000 
0141.jpg 0.714286 0.035714 0.000000 0.214286 0.035714 0.000000 
0143.jpg 0.227273 0.000000 0.000000 0.727273 0.045455 0.000000 
0144.jpg 0.250000 0.178571 0.142857 0.000000 0.214286 0.214286 
0145.jpg 0.310345 0.413793 0.000000 0.000000 0.000000 0.275862 
0148.jpg 0.037037 0.000000 0.000000 0.074074 0.703704 0.185185 
0149.jpg 0.000000 0.000000 0.320000 0.000000 0.680000 0.000000 
0150.jpg 0.000000 0.000000 0.413793 0.000000 0.586207 0.000000 
0153.jpg 0.066667 0.000000 0.333333 0.033333 0.500000 0.066667 
0157.jpg 0.558824 0.000000 0.029412 0.264706 0.117647 0.029412 
0159.jpg 0.000000 0.000000 0.166667 0.041667 0.791667 0.000000 
0160.jpg 0.312500 0.000000 0.000000 0.625000 0.062500 0.000000 
0162.jpg 0.100000 0.033333 0.166667 0.000000 0.566667 0.133333 
0163.jpg 0.645161 0.000000 0.000000 0.322581 0.032258 0.000000 
0164.jpg 0.000000 0.000000 0.125000 0.000000 0.666667 0.208333 
0165.jpg 0.000000 0.000000 0.153846 0.000000 0.423077 0.423077 
0166.jpg 0.590909 0.090909 0.181818 0.000000 0.045455 0.090909 
0170.jpg 0.031250 0.000000 0.125000 0.031250 0.187500 0.625000 
0171.jpg 0.076923 0.000000 0.192308 0.038462 0.653846 0.038462 
0174.jpg 0.000000 0.000000 0.520000 0.000000 0.120000 0.360000 
0176.jpg 0.560000 0.200000 0.000000 0.000000 0.240000 0.000000 
0177.jpg 0.000000 0.000000 0.318182 0.000000 0.636364 0.045455 
0179.jpg 0.153846 0.000000 0.192308 0.038462 0.038462 0.576923 
0184.jpg 0.000000 0.000000 0.285714 0.000000 0.178571 0.535714 
0185.jpg 0.000000 0.000000 0.107143 0.000000 0.357143 0.535714 
0188.jpg 0.818182 0.000000 0.000000 0.181818 0.000000 0.000000 
0190.jpg 0.115385 0.038462 0.307692 0.153846 0.384615 0.000000 
0195.jpg 0.000000 0.000000 0.812500 0.000000 0.187500 0.000000 
0196.jpg 0.000000 0.028571 0.200000 0.000000 0.742857 0.028571 
0197.jpg 0.058824 0.147059 0.382353 0.000000 0.352941 0.058824 
0199.jpg 0.531250 0.000000 0.000000 0.468750 0.000000 0.000000 
0206.jpg 0.114286 0.085714 0.200000 0.000000 0.342857 0.257143 
0209.jpg 0.685714 0.000000 0.028571 0.257143 0.000000 0.028571 
0212.jpg 0.033333 0.000000 0.300000 0.033333 0.000000 0.633333 
0213.jpg 0.085714 0.085714 0.028571 0.057143 0.371429 0.371429 
0214.jpg 0.029412 0.000000 0.000000 0.147059 0.205882 0.617647 
0216.jpg 0.192308 0.038462 0.192308 0.576923 0.000000 0.000000 
0217.jpg 0.000000 0.000000 0.322581 0.032258 0.645161 0.000000 
0220.jpg 0.000000 0.000000 0.333333 0.133333 0.200000 0.333333 
0221.jpg 0.029412 0.705882 0.000000 0.000000 0.264706 0.000000 
0222.jpg 0.030303 0.424242 0.090909 0.000000 0.454545 0.000000 
0223.jpg 0.190476 0.000000 0.666667 0.142857 0.000000 0.000000 
0228.jpg 0.060606 0.030303 0.181818 0.666667 0.060606 0.000000 
0233.jpg 0.032258 0.000000 0.354839 0.000000 0.580645 0.032258 
0234.jpg 0.235294 0.000000 0.029412 0.000000 0.000000 0.735294 
0235.jpg 0.214286 0.142857 0.035714 0.035714 0.571429 0.000000 
0237.jpg 0.375000 0.000000 0.000000 0.625000 0.000000 0.000000 
0239.jpg 0.000000 0.000000 0.045455 0.045455 0.590909 0.318182 
0241.jpg 0.666667 0.000000 0.083333 0.208333 0.041667 0.000000 
0243.jpg 0.000000 0.125000 0.312500 0.062500 0.500000 0.000000 
0244.jpg 0.000000 0.000000 0.212121 0.030303 0.000000 0.757576 
0248.jpg 0.285714 0.035714 0.535714 0.107143 0.000000 0.035714 
0249.jpg 0.035714 0.000000 0.321429 0.000000 0.071429 0.571429 
0250.jpg 0.000000 0.000000 0.185185 0.777778 0.000000 0.037037 
0252.jpg 0.147059 0.058824 0.470588 0.147059 0.000000 0.176471 
0253.jpg 0.029412 0.029412 0.264706 0.176471 0.029412 0.470588 
0254.jpg 0.031250 0.000000 0.406250 0.000000 0.531250 0.031250 
0255.jpg 0.000000 0.000000 0.200000 0.280000 0.520000 0.000000 
0257.jpg 0.321429 0.178571 0.000000 0.071429 0.428571 0.000000 
0258.jpg 0.363636 0.121212 0.060606 0.030303 0.000000 0.424242 
0261.jpg 0.205882 0.117647 0.088235 0.441176 0.147059 0.000000 
0266.jpg 0.062500 0.000000 0.406250 0.000000 0.531250 0.000000 
0267.jpg 0.034483 0.344828 0.275862 0.068966 0.275862 0.000000 
0268.jpg 0.032258 0.032258 0.645161 0.258065 0.032258 0.000000 
0269.jpg 0.515152 0.121212 0.242424 0.060606 0.000000 0.060606 
0270.jpg 0.000000 0.000000 0.423077 0.038462 0.230769 0.307692 
0274.jpg 0.047619 0.000000 0.190476 0.761905 0.000000 0.000000 
0275.jpg 0.000000 0.058824 0.205882 0.058824 0.676471 0.000000 
0277.jpg 0.034483 0.000000 0.551724 0.068966 0.275862 0.068966 
0278.jpg 0.764706 0.176471 0.000000 0.058824 0.000000 0.000000 
0281.jpg 0.272727 0.606061 0.030303 0.060606 0.030303 0.000000 
0282.jpg 0.062500 0.156250 0.468750 0.000000 0.312500 0.000000 
0283.jpg 0.484848 0.060606 0.000000 0.030303 0.000000 0.424242 
0286.jpg 0.029412 0.000000 0.088235 0.029412 0.352941 0.500000 
0287.jpg 0.000000 0.000000 0.166667 0.066667 0.100000 0.666667 
0288.jpg 0.000000 0.000000 0.238095 0.047619 0.666667 0.047619 
0295.jpg 0.727273 0.000000 0.000000 0.212121 0.030303 0.030303 
0299.jpg 0.647059 0.235294 0.000000 0.058824 0.058824 0.000000 
0302.jpg 0.275862 0.103448 0.206897 0.034483 0.103448 0.275862 
0303.jpg 0.222222 0.296296 0.000000 0.074074 0.407407 0.000000 
0304.jpg 0.090909 0.030303 0.181818 0.696970 0.000000 0.000000 
0305.jpg 0.515152 0.484848 0.000000 0.000000 0.000000 0.000000 
0308.jpg 0.066667 0.000000 0.166667 0.033333 0.633333 0.100000 
0309.jpg 0.000000 0.000000 0.214286 0.000000 0.750000 0.035714 
0311.jpg 0.371429 0.057143 0.000000 0.542857 0.028571 0.000000 
0312.jpg 0.117647 0.029412 0.058824 0.058824 0.264706 0.470588 
0313.jpg 0.041667 0.000000 0.208333 0.000000 0.125000 0.625000 
0314.jpg 0.787879 0.030303 0.000000 0.181818 0.000000 0.000000 
0315.jpg 0.205882 0.264706 0.000000 0.264706 0.029412 0.235294 
0316.jpg 0.000000 0.371429 0.000000 0.028571 0.571429 0.028571 
0317.jpg 0.000000 0.000000 0.166667 0.033333 0.766667 0.033333 
0318.jpg 0.148148 0.000000 0.370370 0.481481 0.000000 0.000000 
0319.jpg 0.107143 0.214286 0.035714 0.035714 0.607143 0.000000 
0320.jpg 0.657143 0.314286 0.000000 0.000000 0.028571 0.000000 
0322.jpg 0.233333 0.066667 0.500000 0.033333 0.166667 0.000000 
0323.jpg 0.225806 0.096774 0.387097 0.161290 0.096774 0.032258 
0325.jpg 0.000000 0.000000 0.482759 0.034483 0.413793 0.068966 
0326.jpg 0.129032 0.000000 0.451613 0.354839 0.064516 0.000000 
0327.jpg 0.031250 0.281250 0.031250 0.031250 0.281250 0.343750 
0328.jpg 0.647059 0.000000 0.029412 0.294118 0.029412 0.000000 
0329.jpg 0.037037 0.000000 0.370370 0.037037 0.037037 0.518519 
0330.jpg 0.043478 0.000000 0.695652 0.173913 0.000000 0.086957 
0331.jpg 0.185185 0.000000 0.000000 0.703704 0.074074 0.037037 
0332.jpg 0.032258 0.000000 0.193548 0.032258 0.032258 0.709677 
0335.jpg 0.107143 0.000000 0.035714 0.107143 0.464286 0.285714 
0336.jpg 0.275862 0.172414 0.103448 0.137931 0.034483 0.275862 
0339.jpg 0.031250 0.031250 0.187500 0.000000 0.531250 0.218750 
0343.jpg 0.593750 0.093750 0.000000 0.281250 0.031250 0.000000 
0348.jpg 0.218750 0.093750 0.000000 0.000000 0.343750 0.343750 
0350.jpg 0.685714 0.314286 0.000000 0.000000 0.000000 0.000000 
0354.jpg 0.107143 0.000000 0.428571 0.035714 0.250000 0.178571 
0356.jpg 0.200000 0.000000 0.000000 0.742857 0.028571 0.028571 
0361.jpg 0.205882 0.264706 0.441176 0.058824 0.000000 0.029412 
0362.jpg 0.000000 0.000000 0.500000 0.038462 0.038462 0.423077 
0363.jpg 0.000000 0.000000 0.185185 0.000000 0.629630 0.185185 
0364.jpg 0.483871 0.000000 0.000000 0.032258 0.483871 0.000000 
0367.jpg 0.787879 0.181818 0.000000 0.030303 0.000000 0.000000 
0369.jpg 0.041667 0.000000 0.250000 0.625000 0.083333 0.000000 
0371.jpg 0.194444 0.000000 0.027778 0.750000 0.027778 0.000000 
0373.jpg 0.000000 0.222222 0.185185 0.148148 0.407407 0.037037 
0374.jpg 0.000000 0.000000 0.375000 0.541667 0.041667 0.041667 
0375.jpg 0.361111 0.333333 0.027778 0.222222 0.000000 0.055556 
0376.jpg 0.485714 0.085714 0.000000 0.371429 0.000000 0.057143 
0378.jpg 0.272727 0.000000 0.000000 0.727273 0.000000 0.000000 
0379.jpg 0.580645 0.225806 0.000000 0.032258 0.161290 0.000000 
0380.jpg 0.000000 0.142857 0.057143 0.171429 0.314286 0.314286 
0381.jpg 0.000000 0.030303 0.363636 0.060606 0.060606 0.484848 
0384.jpg 0.575758 0.181818 0.030303 0.000000 0.030303 0.181818 
0387.jpg 0.235294 0.088235 0.000000 0.588235 0.088235 0.000000 
0388.jpg 0.464286 0.000000 0.035714 0.464286 0.000000 0.035714 
0390.jpg 0.400000 0.000000 0.000000 0.600000 0.000000 0.000000 
0391.jpg 0.571429 0.371429 0.000000 0.028571 0.000000 0.028571 
0392.jpg 0.000000 0.000000 0.695652 0.086957 0.217391 0.000000 
0393.jpg 0.269231 0.076923 0.153846 0.000000 0.500000 0.000000 
0394.jpg 0.148148 0.074074 0.444444 0.000000 0.222222 0.111111 
0398.jpg 0.545455 0.060606 0.151515 0.181818 0.000000 0.060606 
0399.jpg 0.428571 0.357143 0.000000 0.035714 0.178571 0.000000 
0400.jpg 0.000000 0.000000 0.718750 0.062500 0.031250 0.187500 
0403.jpg 0.000000 0.000000 0.461538 0.076923 0.038462 0.423077 
0404.jpg 0.636364 0.318182 0.000000 0.000000 0.045455 0.000000 
0406.jpg 0.028571 0.000000 0.200000 0.028571 0.000000 0.742857 
0407.jpg 0.093750 0.031250 0.000000 0.031250 0.656250 0.187500 
0410.jpg 0.441176 0.000000 0.000000 0.558824 0.000000 0.000000 
0411.jpg 0.076923 0.038462 0.230769 0.038462 0.615385 0.000000 
0412.jpg 0.233333 0.033333 0.200000 0.066667 0.133333 0.333333 
0414.jpg 0.100000 0.000000 0.600000 0.033333 0.066667 0.200000 
0420.jpg 0.531250 0.125000 0.000000 0.125000 0.000000 0.218750 
0423.jpg 0.200000 0.714286 0.000000 0.000000 0.085714 0.000000 
0424.jpg 0.055556 0.027778 0.361111 0.027778 0.027778 0.500000 
0425.jpg 0.083333 0.055556 0.277778 0.055556 0.027778 0.500000 
0426.jpg 0.735294 0.235294 0.000000 0.029412 0.000000 0.000000 
0430.jpg 0.185185 0.000000 0.259259 0.111111 0.037037 0.407407 
0432.jpg 0.000000 0.043478 0.304348 0.000000 0.608696 0.043478 
0433.jpg 0.033333 0.000000 0.300000 0.033333 0.100000 0.533333 
0434.jpg 0.565217 0.304348 0.043478 0.043478 0.043478 0.000000 
0435.jpg 0.000000 0.030303 0.454545 0.212121 0.060606 0.242424 
0442.jpg 0.461538 0.192308 0.115385 0.000000 0.000000 0.230769 
0444.jpg 0.344828 0.103448 0.034483 0.482759 0.034483 0.000000 
0445.jpg 0.000000 0.000000 0.296296 0.037037 0.444444 0.222222 
0446.jpg 0.000000 0.000000 0.676471 0.029412 0.294118 0.000000 
0447.jpg 0.500000 0.062500 0.000000 0.437500 0.000000 0.000000 
0449.jpg 0.294118 0.000000 0.000000 0.147059 0.000000 0.558824 
0451.jpg 0.000000 0.000000 0.090909 0.090909 0.636364 0.181818 
0452.jpg 0.235294 0.235294 0.029412 0.058824 0.000000 0.441176 
0453.jpg 0.038462 0.000000 0.653846 0.000000 0.115385 0.192308 
0456.jpg 0.035714 0.000000 0.178571 0.107143 0.428571 0.250000 
0457.jpg 0.083333 0.166667 0.083333 0.000000 0.027778 0.638889 
0459.jpg 0.117647 0.205882 0.058824 0.058824 0.058824 0.500000 
0460.jpg 0.370370 0.074074 0.000000 0.111111 0.444444 0.000000 
0463.jpg 0.028571 0.028571 0.714286 0.028571 0.028571 0.171429 
0465.jpg 0.071429 0.000000 0.285714 0.035714 0.107143 0.500000 
0466.jpg 0.071429 0.000000 0.464286 0.035714 0.357143 0.071429 
0467.jpg 0.212121 0.303030 0.151515 0.000000 0.303030 0.030303 
0470.jpg 0.000000 0.000000 0.428571 0.000000 0.428571 0.142857 
0471.jpg 0.607143 0.000000 0.000000 0.392857 0.000000 0.000000 
0472.jpg 0.685714 0.200000 0.085714 0.000000 0.028571 0.000000 
0473.jpg 0.000000 0.000000 0.269231 0.269231 0.423077 0.038462 
0474.jpg 0.000000 0.000000 0.423077 0.384615 0.115385 0.076923 
0476.jpg 0.000000 0.000000 0.379310 0.068966 0.517241 0.034483 
0477.jpg 0.000000 0.033333 0.233333 0.033333 0.566667 0.133333 
0481.jpg 0.388889 0.111111 0.000000 0.027778 0.000000 0.472222 
0482.jpg 0.035714 0.000000 0.107143 0.000000 0.214286 0.642857 
0483.jpg 0.074074 0.000000 0.296296 0.074074 0.111111 0.444444 
0484.jpg 0.000000 0.000000 0.533333 0.266667 0.000000 0.200000 
0487.jpg 0.000000 0.000000 0.676471 0.029412 0.294118 0.000000 
0489.jpg 0.285714 0.000000 0.028571 0.171429 0.000000 0.514286 
0490.jpg 0.027778 0.055556 0.055556 0.111111 0.277778 0.472222 
0491.jpg 0.500000 0.055556 0.000000 0.444444 0.000000 0.000000 
0492.jpg 0.000000 0.000000 0.172414 0.827586 0.000000 0.000000 
0494.jpg 0.028571 0.200000 0.000000 0.028571 0.000000 0.742857 
0497.jpg 0.482759 0.000000 0.000000 0.103448 0.172414 0.241379 
0499.jpg 0.242424 0.000000 0.636364 0.060606 0.000000 0.060606 
0500.jpg 0.000000 0.000000 0.227273 0.090909 0.681818 0.000000 
0501.jpg 0.000000 0.000000 0.444444 0.111111 0.444444 0.000000 
0502.jpg 0.000000 0.000000 0.290323 0.258065 0.000000 0.451613 
0505.jpg 0.153846 0.000000 0.346154 0.038462 0.000000 0.461538 
0506.jpg 0.000000 0.000000 0.285714 0.571429 0.035714 0.107143 
0509.jpg 0.000000 0.000000 0.206897 0.551724 0.034483 0.206897 
0512.jpg 0.000000 0.277778 0.000000 0.027778 0.138889 0.555556 
0513.jpg 0.000000 0.035714 0.571429 0.035714 0.321429 0.035714 
0515.jpg 0.093750 0.000000 0.375000 0.156250 0.000000 0.375000 
0518.jpg 0.000000 0.000000 0.782609 0.043478 0.000000 0.173913 
0519.jpg 0.062500 0.250000 0.093750 0.156250 0.093750 0.343750 
0522.jpg 0.000000 0.000000 0.363636 0.000000 0.000000 0.636364 
0523.jpg 0.000000 0.000000 0.230769 0.038462 0.653846 0.076923 
0525.jpg 0.028571 0.000000 0.457143 0.000000 0.114286 0.400000 
0531.jpg 0.342857 0.085714 0.000000 0.571429 0.000000 0.000000 
0533.jpg 0.115385 0.038462 0.192308 0.576923 0.076923 0.000000 
0535.jpg 0.444444 0.027778 0.027778 0.500000 0.000000 0.000000 
0536.jpg 0.035714 0.000000 0.678571 0.035714 0.250000 0.000000 
0538.jpg 0.444444 0.111111 0.000000 0.259259 0.185185 0.000000 
0540.jpg 0.771429 0.171429 0.000000 0.028571 0.028571 0.000000 
0542.jpg 0.000000 0.000000 0.400000 0.000000 0.142857 0.457143 
0544.jpg 0.029412 0.000000 0.558824 0.029412 0.000000 0.382353 
0546.jpg 0.038462 0.000000 0.692308 0.038462 0.038462 0.192308 
0547.jpg 0.125000 0.062500 0.312500 0.093750 0.000000 0.406250 
0548.jpg 0.000000 0.000000 0.228571 0.142857 0.000000 0.628571 
0549.jpg 0.032258 0.000000 0.290323 0.000000 0.612903 0.064516 
0551.jpg 0.038462 0.000000 0.346154 0.000000 0.038462 0.576923 
0552.jpg 0.028571 0.228571 0.028571 0.028571 0.685714 0.000000 
0553.jpg 0.035714 0.035714 0.285714 0.035714 0.607143 0.000000 
0557.jpg 0.027778 0.000000 0.027778 0.027778 0.750000 0.166667 
0558.jpg 0.000000 0.038462 0.038462 0.115385 0.192308 0.615385 
0559.jpg 0.580645 0.032258 0.032258 0.064516 0.064516 0.225806 
0561.jpg 0.000000 0.000000 0.642857 0.035714 0.142857 0.178571 
0562.jpg 0.058824 0.441176 0.000000 0.000000 0.500000 0.000000 
0563.jpg 0.030303 0.454545 0.030303 0.000000 0.484848 0.000000 
0565.jpg 0.000000 0.064516 0.225806 0.161290 0.516129 0.032258 
0566.jpg 0.055556 0.694444 0.000000 0.000000 0.250000 0.000000 
0568.jpg 0.000000 0.000000 0.433333 0.033333 0.100000 0.433333 
0569.jpg 0.297297 0.135135 0.000000 0.081081 0.000000 0.486486 
0570.jpg 0.035714 0.000000 0.214286 0.214286 0.000000 0.535714 
0571.jpg 0.062500 0.000000 0.031250 0.031250 0.406250 0.468750 
0572.jpg 0.406250 0.187500 0.031250 0.031250 0.343750 0.000000 
0573.jpg 0.000000 0.031250 0.468750 0.031250 0.406250 0.062500 
0574.jpg 0.000000 0.000000 0.538462 0.000000 0.346154 0.115385 
0575.jpg 0.722222 0.194444 0.000000 0.055556 0.000000 0.027778 
0576.jpg 0.305556 0.444444 0.083333 0.027778 0.138889 0.000000 
0577.jpg 0.030303 0.000000 0.303030 0.000000 0.242424 0.424242 
0578.jpg 0.103448 0.034483 0.241379 0.620690 0.000000 0.000000 
0580.jpg 0.062500 0.000000 0.500000 0.031250 0.062500 0.343750 
0581.jpg 0.000000 0.000000 0.454545 0.000000 0.272727 0.272727 
0583.jpg 0.000000 0.000000 0.290323 0.612903 0.000000 0.096774 
0586.jpg 0.041667 0.000000 0.541667 0.000000 0.375000 0.041667 
0587.jpg 0.076923 0.000000 0.576923 0.307692 0.038462 0.000000 
0588.jpg 0.000000 0.000000 0.571429 0.071429 0.357143 0.000000 
0591.jpg 0.027778 0.277778 0.000000 0.000000 0.055556 0.638889 
0592.jpg 0.566667 0.000000 0.100000 0.233333 0.033333 0.066667 
0593.jpg 0.055556 0.277778 0.138889 0.194444 0.000000 0.333333 
0594.jpg 0.640000 0.080000 0.040000 0.240000 0.000000 0.000000 
0595.jpg 0.000000 0.000000 0.233333 0.033333 0.166667 0.566667 
0598.jpg 0.038462 0.000000 0.423077 0.000000 0.192308 0.346154 
0601.jpg 0.029412 0.029412 0.588235 0.029412 0.294118 0.029412 
0605.jpg 0.257143 0.000000 0.000000 0.714286 0.028571 0.000000 
0606.jpg 0.000000 0.000000 0.333333 0.033333 0.633333 0.000000 
0607.jpg 0.214286 0.035714 0.607143 0.107143 0.035714 0.000000 
0608.jpg 0.750000 0.000000 0.000000 0.218750 0.031250 0.000000 
0611.jpg 0.000000 0.000000 0.437500 0.000000 0.250000 0.312500 
0612.jpg 0.517241 0.482759 0.000000 0.000000 0.000000 0.000000 
0614.jpg 0.333333 0.611111 0.000000 0.055556 0.000000 0.000000 
0618.jpg 0.000000 0.000000 0.388889 0.027778 0.000000 0.583333 
0620.jpg 0.194444 0.777778 0.000000 0.000000 0.027778 0.000000 
0621.jpg 0.000000 0.000000 0.125000 0.000000 0.625000 0.250000 
0622.jpg 0.000000 0.000000 0.187500 0.062500 0.750000 0.000000 
0623.jpg 0.280000 0.000000 0.680000 0.040000 0.000000 0.000000 
0628.jpg 0.407407 0.148148 0.222222 0.000000 0.074074 0.148148 
0634.jpg 0.222222 0.027778 0.194444 0.111111 0.361111 0.083333 
0635.jpg 0.242424 0.000000 0.303030 0.272727 0.181818 0.000000 
0636.jpg 0.280000 0.120000 0.040000 0.040000 0.000000 0.520000 
0637.jpg 0.000000 0.000000 0.517241 0.448276 0.034483 0.000000 
0638.jpg 0.000000 0.058824 0.529412 0.029412 0.323529 0.058824 
0639.jpg 0.057143 0.028571 0.400000 0.028571 0.171429 0.314286 
0640.jpg 0.481481 0.296296 0.000000 0.000000 0.037037 0.185185 
0645.jpg 0.000000 0.000000 0.416667 0.055556 0.027778 0.500000 
0646.jpg 0.388889 0.138889 0.055556 0.055556 0.000000 0.361111 
0647.jpg 0.035714 0.285714 0.035714 0.107143 0.535714 0.000000 
0648.jpg 0.277778 0.388889 0.055556 0.027778 0.027778 0.222222 
0650.jpg 0.093750 0.000000 0.187500 0.125000 0.000000 0.593750 
0651.jpg 0.000000 0.000000 0.451613 0.000000 0.064516 0.483871 
0652.jpg 0.285714 0.200000 0.000000 0.457143 0.000000 0.057143 
0653.jpg 0.472222 0.416667 0.027778 0.027778 0.027778 0.027778 
0655.jpg 0.361111 0.027778 0.000000 0.583333 0.027778 0.000000 
0656.jpg 0.090909 0.030303 0.181818 0.000000 0.454545 0.242424 
0657.jpg 0.151515 0.272727 0.000000 0.000000 0.575758 0.000000 
0658.jpg 0.241379 0.068966 0.172414 0.034483 0.275862 0.206897 
0659.jpg 0.400000 0.057143 0.085714 0.400000 0.000000 0.057143 
0663.jpg 0.093750 0.031250 0.375000 0.000000 0.187500 0.312500 
0664.jpg 0.000000 0.000000 0.727273 0.060606 0.181818 0.030303 
0666.jpg 0.678571 0.214286 0.000000 0.035714 0.071429 0.000000 
0667.jpg 0.027778 0.055556 0.194444 0.083333 0.166667 0.472222 
0668.jpg 0.035714 0.178571 0.321429 0.392857 0.035714 0.035714 
0669.jpg 0.037037 0.000000 0.740741 0.037037 0.000000 0.185185 
0670.jpg 0.696970 0.030303 0.030303 0.181818 0.030303 0.030303 
0672.jpg 0.000000 0.081081 0.540541 0.000000 0.000000 0.378378 
0676.jpg 0.344828 0.034483 0.344828 0.172414 0.000000 0.103448 
0677.jpg 0.033333 0.000000 0.400000 0.333333 0.033333 0.200000 
0679.jpg 0.000000 0.000000 0.405405 0.108108 0.000000 0.486486 
0683.jpg 0.030303 0.060606 0.303030 0.484848 0.090909 0.030303 
0685.jpg 0.035714 0.071429 0.285714 0.107143 0.035714 0.464286 
0686.jpg 0.428571 0.071429 0.357143 0.035714 0.107143 0.000000 
0694.jpg 0.000000 0.029412 0.470588 0.382353 0.088235 0.029412 
0695.jpg 0.657143 0.085714 0.171429 0.057143 0.028571 0.000000 
0698.jpg 0.000000 0.000000 0.312500 0.031250 0.343750 0.312500 
0700.jpg 0.000000 0.000000 0.206897 0.000000 0.068966 0.724138 
0702.jpg 0.000000 0.000000 0.192308 0.000000 0.769231 0.038462 
0703.jpg 0.027778 0.194444 0.055556 0.000000 0.000000 0.722222 
0704.jpg 0.000000 0.000000 0.260870 0.043478 0.695652 0.000000 
0705.jpg 0.000000 0.000000 0.000000 0.090909 0.727273 0.181818 
0708.jpg 0.333333 0.500000 0.055556 0.000000 0.111111 0.000000 
0709.jpg 0.068966 0.000000 0.241379 0.034483 0.655172 0.000000 
0711.jpg 0.187500 0.000000 0.000000 0.750000 0.062500 0.000000 
0712.jpg 0.107143 0.178571 0.428571 0.035714 0.250000 0.000000 
0713.jpg 0.677419 0.064516 0.000000 0.000000 0.193548 0.064516 
0715.jpg 0.181818 0.242424 0.363636 0.090909 0.121212 0.000000 
0717.jpg 0.033333 0.000000 0.533333 0.000000 0.400000 0.033333 
0718.jpg 0.100000 0.033333 0.166667 0.633333 0.000000 0.066667 
0719.jpg 0.611111 0.277778 0.027778 0.027778 0.000000 0.055556 
0721.jpg 0.312500 0.031250 0.375000 0.031250 0.218750 0.031250 
0722.jpg 0.307692 0.500000 0.038462 0.000000 0.115385 0.038462 
0723.jpg 0.771429 0.171429 0.000000 0.028571 0.000000 0.028571 
0726.jpg 0.028571 0.200000 0.428571 0.028571 0.028571 0.285714 
0727.jpg 0.264706 0.558824 0.000000 0.088235 0.058824 0.029412 
0729.jpg 0.000000 0.000000 0.413793 0.068966 0.448276 0.068966 
0732.jpg 0.666667 0.181818 0.121212 0.030303 0.000000 0.000000 
0733.jpg 0.083333 0.166667 0.000000 0.027778 0.000000 0.722222 
0734.jpg 0.482759 0.034483 0.000000 0.172414 0.310345 0.000000 
0737.jpg 0.030303 0.000000 0.303030 0.000000 0.666667 0.000000 
0738.jpg 0.294118 0.441176 0.029412 0.000000 0.235294 0.000000 
0740.jpg 0.000000 0.000000 0.200000 0.040000 0.080000 0.680000 
0741.jpg 0.250000 0.000000 0.041667 0.625000 0.083333 0.000000 
0742.jpg 0.230769 0.000000 0.076923 0.000000 0.115385 0.576923 
0743.jpg 0.000000 0.000000 0.172414 0.103448 0.172414 0.551724 
0744.jpg 0.030303 0.000000 0.666667 0.000000 0.090909 0.212121 
0746.jpg 0.000000 0.000000 0.440000 0.000000 0.000000 0.560000 
0748.jpg 0.107143 0.000000 0.571429 0.250000 0.071429 0.000000 
0750.jpg 0.794118 0.000000 0.000000 0.205882 0.000000 0.000000 
0752.jpg 0.000000 0.000000 0.500000 0.027778 0.472222 0.000000 
0753.jpg 0.000000 0.000000 0.656250 0.031250 0.218750 0.093750 
0755.jpg 0.800000 0.000000 0.000000 0.200000 0.000000 0.000000 
0756.jpg 0.000000 0.074074 0.407407 0.185185 0.037037 0.296296 
0757.jpg 0.057143 0.342857 0.371429 0.000000 0.228571 0.000000 
0759.jpg 0.555556 0.388889 0.000000 0.027778 0.000000 0.027778 
0761.jpg 0.645161 0.096774 0.032258 0.193548 0.000000 0.032258 
0762.jpg 0.057143 0.285714 0.028571 0.000000 0.628571 0.000000 
0767.jpg 0.600000 0.000000 0.000000 0.400000 0.000000 0.000000 
0768.jpg 0.285714 0.400000 0.085714 0.000000 0.171429 0.057143 
0772.jpg 0.444444 0.027778 0.000000 0.527778 0.000000 0.000000 
0773.jpg 0.000000 0.000000 0.424242 0.030303 0.484848 0.060606 
0778.jpg 0.481481 0.185185 0.037037 0.222222 0.000000 0.074074 
0779.jpg 0.027778 0.000000 0.166667 0.055556 0.000000 0.750000 
0781.jpg 0.040000 0.000000 0.280000 0.040000 0.640000 0.000000 
0782.jpg 0.457143 0.400000 0.057143 0.057143 0.028571 0.000000 
0786.jpg 0.379310 0.000000 0.000000 0.620690 0.000000 0.000000 
0787.jpg 0.000000 0.000000 0.088235 0.058824 0.264706 0.588235 
0792.jpg 0.043478 0.260870 0.000000 0.000000 0.695652 0.000000 
0793.jpg 0.103448 0.206897 0.000000 0.448276 0.241379 0.000000 
0794.jpg 0.029412 0.000000 0.735294 0.029412 0.000000 0.205882 
0798.jpg 0.000000 0.000000 0.647059 0.058824 0.235294 0.058824 
0801.jpg 0.571429 0.314286 0.000000 0.085714 0.028571 0.000000 
0802.jpg 0.675676 0.297297 0.000000 0.000000 0.000000 0.027027 
0803.jpg 0.600000 0.085714 0.057143 0.057143 0.000000 0.200000 
0805.jpg 0.000000 0.000000 0.470588 0.058824 0.294118 0.176471 
0806.jpg 0.636364 0.000000 0.030303 0.303030 0.000000 0.030303 
0809.jpg 0.193548 0.064516 0.129032 0.096774 0.000000 0.516129 
0810.jpg 0.771429 0.000000 0.000000 0.200000 0.000000 0.028571 
0811.jpg 0.588235 0.000000 0.029412 0.382353 0.000000 0.000000 
0812.jpg 0.000000 0.000000 0.187500 0.812500 0.000000 0.000000 
0813.jpg 0.000000 0.088235 0.205882 0.029412 0.647059 0.029412 
0814.jpg 0.000000 0.000000 0.371429 0.000000 0.542857 0.085714 
0815.jpg 0.081081 0.000000 0.351351 0.054054 0.324324 0.189189 
0819.jpg 0.000000 0.000000 0.370370 0.074074 0.185185 0.370370 
0823.jpg 0.764706 0.029412 0.000000 0.205882 0.000000 0.000000 
0826.jpg 0.031250 0.000000 0.250000 0.031250 0.062500 0.625000 
0827.jpg 0.000000 0.000000 0.257143 0.114286 0.000000 0.628571 
0828.jpg 0.033333 0.000000 0.600000 0.033333 0.066667 0.266667 
0829.jpg 0.194444 0.000000 0.000000 0.777778 0.000000 0.027778 
0831.jpg 0.675676 0.189189 0.000000 0.108108 0.027027 0.000000 
0834.jpg 0.000000 0.064516 0.225806 0.096774 0.451613 0.161290 
0835.jpg 0.000000 0.000000 0.192308 0.076923 0.000000 0.730769 
0836.jpg 0.058824 0.000000 0.176471 0.617647 0.029412 0.117647 
0837.jpg 0.222222 0.333333 0.027778 0.000000 0.000000 0.416667 
0838.jpg 0.378378 0.135135 0.000000 0.000000 0.000000 0.486486 
0839.jpg 0.371429 0.000000 0.000000 0.628571 0.000000 0.000000 
0842.jpg 0.000000 0.000000 0.264706 0.029412 0.029412 0.676471 
0843.jpg 0.121212 0.121212 0.212121 0.424242 0.060606 0.060606 
0844.jpg 0.108108 0.108108 0.216216 0.135135 0.324324 0.108108 
0845.jpg 0.111111 0.333333 0.000000 0.055556 0.000000 0.500000 
0846.jpg 0.057143 0.000000 0.228571 0.028571 0.000000 0.685714 
0847.jpg 0.705882 0.000000 0.000000 0.294118 0.000000 0.000000 
0850.jpg 0.486486 0.081081 0.054054 0.378378 0.000000 0.000000 
0853.jpg 0.000000 0.257143 0.428571 0.057143 0.257143 0.000000 
0856.jpg 0.193548 0.000000 0.000000 0.806452 0.000000 0.000000 
0857.jpg 0.171429 0.028571 0.000000 0.771429 0.028571 0.000000 
0858.jpg 0.096774 0.258065 0.096774 0.032258 0.516129 0.000000 
0859.jpg 0.000000 0.000000 0.645161 0.096774 0.000000 0.258065 
0860.jpg 0.166667 0.541667 0.000000 0.250000 0.041667 0.000000 
0861.jpg 0.000000 0.000000 0.200000 0.033333 0.766667 0.000000 
0862.jpg 0.583333 0.250000 0.000000 0.083333 0.083333 0.000000 
0865.jpg 0.137931 0.000000 0.482759 0.137931 0.000000 0.241379 
0866.jpg 0.000000 0.000000 0.347826 0.652174 0.000000 0.000000 
0867.jpg 0.500000 0.062500 0.156250 0.062500 0.000000 0.218750 
0870.jpg 0.555556 0.027778 0.000000 0.416667 0.000000 0.000000 
0873.jpg 0.375000 0.000000 0.000000 0.625000 0.000000 0.000000 
0874.jpg 0.500000 0.441176 0.000000 0.029412 0.029412 0.000000 
0875.jpg 0.529412 0.000000 0.000000 0.441176 0.029412 0.000000 
0884.jpg 0.035714 0.000000 0.214286 0.035714 0.607143 0.107143 
0887.jpg 0.483871 0.064516 0.387097 0.032258 0.032258 0.000000 
0888.jpg 0.090909 0.181818 0.151515 0.000000 0.242424 0.333333 
0890.jpg 0.235294 0.205882 0.205882 0.323529 0.029412 0.000000 
0891.jpg 0.000000 0.034483 0.206897 0.103448 0.034483 0.620690 
0892.jpg 0.000000 0.000000 0.206897 0.724138 0.068966 0.000000 
0894.jpg 0.034483 0.000000 0.310345 0.068966 0.000000 0.586207 
0897.jpg 0.000000 0.000000 0.461538 0.423077 0.115385 0.000000 
0898.jpg 0.342857 0.000000 0.000000 0.085714 0.000000 0.571429 
0899.jpg 0.000000 0.000000 0.542857 0.028571 0.028571 0.400000 
0903.jpg 0.388889 0.055556 0.000000 0.222222 0.027778 0.305556 
0904.jpg 0.264706 0.705882 0.000000 0.029412 0.000000 0.000000 
0905.jpg 0.000000 0.000000 0.558824 0.088235 0.029412 0.323529 
0906.jpg 0.000000 0.000000 0.424242 0.090909 0.484848 0.000000 
0908.jpg 0.074074 0.000000 0.370370 0.074074 0.185185 0.296296 
0909.jpg 0.034483 0.000000 0.310345 0.000000 0.137931 0.517241 
0912.jpg 0.500000 0.093750 0.000000 0.343750 0.000000 0.062500 
0914.jpg 0.000000 0.000000 0.321429 0.000000 0.535714 0.142857 
0915.jpg 0.551724 0.000000 0.103448 0.137931 0.000000 0.206897 
0916.jpg 0.794118 0.205882 0.000000 0.000000 0.000000 0.000000 
0917.jpg 0.529412 0.088235 0.029412 0.352941 0.000000 0.000000 
0928.jpg 0.062500 0.031250 0.687500 0.000000 0.187500 0.031250 
0929.jpg 0.000000 0.000000 0.689655 0.000000 0.034483 0.275862 
0930.jpg 0.066667 0.000000 0.166667 0.733333 0.000000 0.033333 
0934.jpg 0.074074 0.000000 0.592593 0.037037 0.259259 0.037037 
0935.jpg 0.275862 0.137931 0.068966 0.517241 0.000000 0.000000 
0936.jpg 0.593750 0.093750 0.000000 0.312500 0.000000 0.000000 
0937.jpg 0.027778 0.027778 0.222222 0.027778 0.027778 0.666667 
0938.jpg 0.000000 0.000000 0.281250 0.000000 0.031250 0.687500 
0940.jpg 0.657143 0.028571 0.000000 0.314286 0.000000 0.000000 
0941.jpg 0.029412 0.029412 0.705882 0.205882 0.029412 0.000000 
0943.jpg 0.166667 0.000000 0.027778 0.083333 0.000000 0.722222 
0948.jpg 0.030303 0.000000 0.363636 0.030303 0.000000 0.575758 
0949.jpg 0.416667 0.194444 0.027778 0.194444 0.138889 0.027778 
0950.jpg 0.000000 0.189189 0.054054 0.162162 0.000000 0.594595 
0951.jpg 0.000000 0.000000 0.735294 0.264706 0.000000 0.000000 
0952.jpg 0.000000 0.000000 0.272727 0.000000 0.242424 0.484848 
0954.jpg 0.000000 0.000000 0.352941 0.617647 0.029412 0.000000 
0957.jpg 0.304348 0.000000 0.000000 0.695652 0.000000 0.000000 
0958.jpg 0.037037 0.037037 0.296296 0.592593 0.000000 0.037037 
0963.jpg 0.114286 0.142857 0.257143 0.114286 0.114286 0.257143 
0964.jpg 0.594595 0.000000 0.000000 0.405405 0.000000 0.000000 
0965.jpg 0.000000 0.000000 0.218750 0.031250 0.750000 0.000000 
0966.jpg 0.055556 0.027778 0.555556 0.000000 0.333333 0.027778 
0967.jpg 0.000000 0.000000 0.615385 0.038462 0.000000 0.346154 
0970.jpg 0.714286 0.000000 0.000000 0.257143 0.000000 0.028571 
0971.jpg 0.515152 0.363636 0.000000 0.090909 0.030303 0.000000 
0974.jpg 0.000000 0.041667 0.458333 0.500000 0.000000 0.000000 
0975.jpg 0.000000 0.000000 0.441176 0.029412 0.529412 0.000000 
0976.jpg 0.375000 0.406250 0.187500 0.031250 0.000000 0.000000 
0978.jpg 0.000000 0.000000 0.171429 0.000000 0.057143 0.771429 
0980.jpg 0.096774 0.225806 0.258065 0.064516 0.064516 0.290323 
0981.jpg 0.000000 0.000000 0.181818 0.030303 0.030303 0.757576 
0982.jpg 0.172414 0.275862 0.034483 0.034483 0.241379 0.241379 
0985.jpg 0.281250 0.156250 0.218750 0.156250 0.187500 0.000000 
0986.jpg 0.000000 0.000000 0.314286 0.085714 0.600000 0.000000 
0989.jpg 0.030303 0.030303 0.545455 0.151515 0.000000 0.242424 
0993.jpg 0.272727 0.060606 0.090909 0.030303 0.060606 0.484848 
0994.jpg 0.000000 0.000000 0.588235 0.000000 0.147059 0.264706 
0995.jpg 0.000000 0.000000 0.360000 0.080000 0.040000 0.520000 
0997.jpg 0.032258 0.032258 0.258065 0.064516 0.096774 0.516129 
0999.jpg 0.000000 0.000000 0.218750 0.000000 0.031250 0.750000 
1001.jpg 0.714286 0.000000 0.000000 0.178571 0.000000 0.107143 
1003.jpg 0.742857 0.171429 0.000000 0.028571 0.057143 0.000000 
1005.jpg 0.114286 0.257143 0.000000 0.057143 0.000000 0.571429 
1006.jpg 0.250000 0.107143 0.071429 0.535714 0.000000 0.035714 
1008.jpg 0.742857 0.057143 0.000000 0.171429 0.028571 0.000000 
1009.jpg 0.000000 0.031250 0.343750 0.062500 0.000000 0.562500 
1010.jpg 0.040000 0.000000 0.360000 0.480000 0.080000 0.040000 
1013.jpg 0.000000 0.000000 0.225806 0.000000 0.032258 0.741935 
1014.jpg 0.060606 0.000000 0.393939 0.121212 0.000000 0.424242 
1016.jpg 0.000000 0.000000 0.515152 0.030303 0.242424 0.212121 
1018.jpg 0.100000 0.033333 0.433333 0.033333 0.400000 0.000000 
1020.jpg 0.111111 0.111111 0.185185 0.000000 0.555556 0.037037 
1021.jpg 0.281250 0.000000 0.000000 0.687500 0.000000 0.031250 
1024.jpg 0.000000 0.000000 0.000000 0.060606 0.757576 0.181818 
1025.jpg 0.058824 0.029412 0.264706 0.382353 0.147059 0.117647 
1027.jpg 0.000000 0.000000 0.500000 0.166667 0.000000 0.333333 
1031.jpg 0.411765 0.000000 0.000000 0.588235 0.000000 0.000000 
1032.jpg 0.000000 0.000000 0.600000 0.100000 0.000000 0.300000 
1033.jpg 0.250000 0.000000 0.000000 0.750000 0.000000 0.000000 
1034.jpg 0.034483 0.034483 0.482759 0.068966 0.137931 0.241379 
1035.jpg 0.037037 0.000000 0.407407 0.037037 0.296296 0.222222 
1036.jpg 0.714286 0.000000 0.107143 0.178571 0.000000 0.000000 
1038.jpg 0.031250 0.000000 0.218750 0.031250 0.062500 0.656250 
1039.jpg 0.000000 0.000000 0.677419 0.000000 0.032258 0.290323 
1041.jpg 0.342857 0.542857 0.000000 0.057143 0.000000 0.057143 
1042.jpg 0.030303 0.030303 0.121212 0.030303 0.454545 0.333333 
1044.jpg 0.484848 0.060606 0.000000 0.454545 0.000000 0.000000 
1045.jpg 0.076923 0.038462 0.269231 0.423077 0.192308 0.000000 
1046.jpg 0.058824 0.029412 0.176471 0.000000 0.000000 0.735294 
1047.jpg 0.166667 0.033333 0.533333 0.166667 0.100000 0.000000 
1049.jpg 0.483871 0.451613 0.032258 0.032258 0.000000 0.000000 
1050.jpg 0.000000 0.000000 0.173913 0.826087 0.000000 0.000000 
1051.jpg 0.454545 0.000000 0.030303 0.515152 0.000000 0.000000 
1053.jpg 0.580645 0.032258 0.000000 0.096774 0.032258 0.258065 
1054.jpg 0.066667 0.233333 0.000000 0.033333 0.666667 0.000000 
1056.jpg 0.114286 0.028571 0.314286 0.085714 0.114286 0.342857 
1059.jpg 0.000000 0.030303 0.424242 0.121212 0.030303 0.393939 
1062.jpg 0.771429 0.200000 0.000000 0.028571 0.000000 0.000000 
1063.jpg 0.045455 0.000000 0.227273 0.000000 0.000000 0.727273 
1064.jpg 0.464286 0.035714 0.000000 0.500000 0.000000 0.000000 
1066.jpg 0.200000 0.000000 0.000000 0.771429 0.028571 0.000000 
1067.jpg 0.382353 0.000000 0.000000 0.058824 0.000000 0.558824 
1068.jpg 0.000000 0.060606 0.454545 0.060606 0.424242 0.000000 
1069.jpg 0.666667 0.212121 0.000000 0.000000 0.030303 0.090909 
1072.jpg 0.161290 0.387097 0.000000 0.096774 0.322581 0.032258 
1073.jpg 0.000000 0.000000 0.310345 0.034483 0.000000 0.655172 
1075.jpg 0.392857 0.000000 0.392857 0.000000 0.000000 0.214286 
1078.jpg 0.000000 0.000000 0.193548 0.000000 0.483871 0.322581 
1080.jpg 0.500000 0.235294 0.088235 0.000000 0.117647 0.058824 
1082.jpg 0.764706 0.205882 0.000000 0.000000 0.000000 0.029412 
1083.jpg 0.264706 0.205882 0.470588 0.000000 0.058824 0.000000 
1084.jpg 0.000000 0.000000 0.580645 0.064516 0.032258 0.322581 
1085.jpg 0.363636 0.090909 0.060606 0.060606 0.000000 0.424242 
1086.jpg 0.151515 0.545455 0.000000 0.060606 0.000000 0.242424 
1087.jpg 0.000000 0.000000 0.575758 0.030303 0.393939 0.000000 
1088.jpg 0.000000 0.281250 0.031250 0.062500 0.593750 0.031250 
1089.jpg 0.545455 0.272727 0.030303 0.030303 0.000000 0.121212 
1090.jpg 0.000000 0.000000 0.772727 0.045455 0.000000 0.181818 
1091.jpg 0.259259 0.074074 0.037037 0.555556 0.037037 0.037037 
1092.jpg 0.032258 0.000000 0.580645 0.032258 0.161290 0.193548 
1094.jpg 0.294118 0.588235 0.058824 0.058824 0.000000 0.000000 
1095.jpg 0.038462 0.000000 0.461538 0.076923 0.000000 0.423077 
1096.jpg 0.818182 0.181818 0.000000 0.000000 0.000000 0.000000 
1097.jpg 0.666667 0.090909 0.000000 0.242424 0.000000 0.000000 
1098.jpg 0.303030 0.151515 0.030303 0.484848 0.000000 0.030303 
1100.jpg 0.242424 0.000000 0.090909 0.090909 0.000000 0.575758 
1101.jpg 0.678571 0.035714 0.035714 0.214286 0.035714 0.000000 
1102.jpg 0.441176 0.058824 0.029412 0.470588 0.000000 0.000000 
1106.jpg 0.538462 0.038462 0.000000 0.423077 0.000000 0.000000 
1108.jpg 0.000000 0.129032 0.387097 0.032258 0.419355 0.032258 
1111.jpg 0.212121 0.060606 0.000000 0.060606 0.030303 0.636364 
1112.jpg 0.000000 0.000000 0.700000 0.250000 0.050000 0.000000 
1113.jpg 0.354839 0.000000 0.032258 0.064516 0.000000 0.548387 
1114.jpg 0.043478 0.043478 0.434783 0.043478 0.043478 0.391304 
1115.jpg 0.000000 0.000000 0.233333 0.033333 0.066667 0.666667 
1117.jpg 0.181818 0.666667 0.000000 0.121212 0.030303 0.000000 
1118.jpg 0.000000 0.000000 0.650000 0.150000 0.000000 0.200000 
1121.jpg 0.212121 0.030303 0.000000 0.757576 0.000000 0.000000 
1122.jpg 0.800000 0.166667 0.000000 0.033333 0.000000 0.000000 
1123.jpg 0.300000 0.000000 0.000000 0.700000 0.000000 0.000000 
1125.jpg 0.590909 0.136364 0.000000 0.000000 0.045455 0.227273 
1127.jpg 0.000000 0.093750 0.406250 0.000000 0.000000 0.500000 
1128.jpg 0.272727 0.636364 0.000000 0.090909 0.000000 0.000000 
1130.jpg 0.483871 0.225806 0.064516 0.193548 0.000000 0.032258 
1132.jpg 0.000000 0.000000 0.548387 0.032258 0.419355 0.000000 
1138.jpg 0.000000 0.035714 0.500000 0.000000 0.000000 0.464286 
1139.jpg 0.629630 0.185185 0.000000 0.185185 0.000000 0.000000 
1140.jpg 0.034483 0.000000 0.517241 0.068966 0.103448 0.275862 
1141.jpg 0.032258 0.032258 0.258065 0.645161 0.000000 0.032258 
1142.jpg 0.300000 0.000000 0.000000 0.650000 0.050000 0.000000 
